17	185722
18	193530
19	204803
20	198537
21	200116
22	202336
23	206116
24	205230
25	203066
26	192976
27	196381
28	190923
29	192208
30	194037
31	196720
32	194152
33	198093
34	194647
35	192363
36	194223
37	192437
38	189929
39	190879
40	187816
41	182547
42	187778
43	187239
44	189726
45	185838
46	192636
47	186468
48	179919
49	174448
50	174021
51	174986
52	178869
53	177731
54	178083
55	181869
56	185213
57	180526
58	189218
59	180951
60	165574
61	171559
62	166735
63	174691
64	180223
65	176149
66	177031
67	174771
68	183613
69	184736
70	194067
71	169466
72	184093
73	165364
74	161606
75	162798
76	175349
77	156695
78	164613
79	150151
80	159322
81	149684
82	143225
83	221150
84	207418
85	126667
86	149912
87	90338
88	153975
90	161458
